[gd_scene load_steps=22 format=3 uid="uid://b7qn6mmf4getv"]

[ext_resource type="Script" uid="uid://c1yrdrx3pp6ys" path="res://Player/Player/Player.cs" id="1_3qydi"]
[ext_resource type="Script" uid="uid://ylaxddvx6gw3" path="res://Player/Player/RightHandTarget.cs" id="2_ltu3i"]
[ext_resource type="PackedScene" uid="uid://d182r414gekty" path="res://Player/Player/human_low.tscn" id="2_m52dg"]
[ext_resource type="Script" uid="uid://bm8c76ibq2fem" path="res://Player/Player/PhysicalBoneSimulator3d.cs" id="2_mj76w"]
[ext_resource type="Script" uid="uid://r6xd1glh4yp7" path="res://Player/Player/BoneHandler.cs" id="4_mj76w"]

[sub_resource type="CapsuleShape3D" id="CapsuleShape3D_0rwas"]
radius = 0.3
height = 1.8

[sub_resource type="SphereShape3D" id="SphereShape3D_q5pih"]
radius = 0.04127196

[sub_resource type="BoxShape3D" id="BoxShape3D_lyhnx"]
size = Vector3(0.27407837, 0.28677487, 0.16777039)

[sub_resource type="CapsuleShape3D" id="CapsuleShape3D_1bfp3"]
radius = 0.03955078
height = 0.20167542

[sub_resource type="CapsuleShape3D" id="CapsuleShape3D_vrup1"]
radius = 0.045
height = 0.32045

[sub_resource type="CapsuleShape3D" id="CapsuleShape3D_7jmu6"]
radius = 0.02734375
height = 0.278782

[sub_resource type="CapsuleShape3D" id="CapsuleShape3D_u0lvu"]
radius = 0.04
height = 0.209044

[sub_resource type="CapsuleShape3D" id="CapsuleShape3D_5222m"]
radius = 0.045
height = 0.32045

[sub_resource type="CapsuleShape3D" id="CapsuleShape3D_3neuj"]
radius = 0.027
height = 0.278782

[sub_resource type="CapsuleShape3D" id="CapsuleShape3D_0aaxt"]
radius = 0.047
height = 0.27128905

[sub_resource type="CapsuleShape3D" id="CapsuleShape3D_i2t1v"]
radius = 0.04296875
height = 0.380052

[sub_resource type="CapsuleShape3D" id="CapsuleShape3D_y2d4h"]
radius = 0.03466797
height = 0.527233

[sub_resource type="CapsuleShape3D" id="CapsuleShape3D_4w6pq"]
radius = 0.046875
height = 0.27468872

[sub_resource type="CapsuleShape3D" id="CapsuleShape3D_8auiu"]
radius = 0.043
height = 0.380052

[sub_resource type="CapsuleShape3D" id="CapsuleShape3D_c3030"]
radius = 0.035
height = 0.527233

[sub_resource type="SphereShape3D" id="SphereShape3D_m52dg"]
radius = 0.05

[node name="Player" type="CharacterBody3D"]
transform = Transform3D(-1, 0, -8.742278e-08, 0, 1, 0, 8.742278e-08, 0, -1, 0, 0, 0)
script = ExtResource("1_3qydi")

[node name="Camera3D" type="Camera3D" parent="."]
transform = Transform3D(-1, 0, -8.742278e-08, 0, 1, 0, 8.742278e-08, 0, -1, 0, 1.858, -2.848)
visible = false
current = true
fov = 105.0

[node name="CollisionShape3D" type="CollisionShape3D" parent="."]
transform = Transform3D(1, 0, 0, 0, 1, 0, 0, 0, 1, 0, 0.60769475, 0)
visible = false
shape = SubResource("CapsuleShape3D_0rwas")

[node name="RightHandTarget" type="Marker3D" parent="."]
transform = Transform3D(1, 0, 0, 0, 1, 0, 0, 0, 1, 0.35842505, 1.0339813, -0.11625835)
script = ExtResource("2_ltu3i")

[node name="AttackStartPos" type="Marker3D" parent="."]
transform = Transform3D(1, 0, 0, 0, 1, 0, 0, 0, 1, 0.35637045, 1.2986083, -0.33989692)
visible = false

[node name="BoneHandler" type="Node3D" parent="." node_paths=PackedStringArray("IKTargetSkeleton", "PhysicsSkeleton", "DisplaySkeleton")]
script = ExtResource("4_mj76w")
IKTargetSkeleton = NodePath("IKTargetSkeleton")
PhysicsSkeleton = NodePath("PhysicsSkeleton")
DisplaySkeleton = NodePath("DisplaySkeleton")
LinearStiffness = 500.0
LinearDampening = 50.0
AngularStiffness = 150.0
AngularDampening = 80.0

[node name="DisplaySkeleton" type="Skeleton3D" parent="BoneHandler"]
transform = Transform3D(1, 0, 0, 0, 1, 0, 0, 0, 1, 0, 1.008, 0)
bones/0/name = "Hip"
bones/0/parent = -1
bones/0/rest = Transform3D(1, -0.000569372, 0.000673382, 0.000569372, 1, 6.97321e-07, -0.000673382, -3.13917e-07, 1, 0, -0.06, -0.07)
bones/0/enabled = true
bones/0/position = Vector3(0, -0.06, -0.07)
bones/0/rotation = Quaternion(-2.528096e-07, 0.00033669083, 0.00028468602, 0.9999999)
bones/0/scale = Vector3(1.0000004, 1.0000001, 1.0000002)
bones/1/name = "Back"
bones/1/parent = 0
bones/1/rest = Transform3D(-0.999999, 0.000948999, 0.000673684, 0.000949, 1, 6.65789e-07, -0.000673683, 1.30511e-06, -1, -1.72804e-11, 0.26802, 3.30729e-10)
bones/1/enabled = true
bones/1/position = Vector3(-1.72804e-11, 0.26802, 3.30729e-10)
bones/1/rotation = Quaternion(0.00047450012, 0.9999998, 4.927237e-07, 0.00033684194)
bones/1/scale = Vector3(0.99999964, 1.0000005, 1.0000002)
bones/2/name = "Shoulder.Left"
bones/2/parent = 1
bones/2/rest = Transform3D(-0.121783, -0.934352, -0.334895, 0.319307, -0.356351, 0.878099, -0.939794, 3.21865e-06, 0.341743, 6.39891e-12, 0.40198, -2.64492e-10)
bones/2/enabled = true
bones/2/position = Vector3(6.39891e-12, 0.40198, -2.64492e-10)
bones/2/rotation = Quaternion(-0.47244725, 0.3254572, 0.674514, 0.46465275)
bones/2/scale = Vector3(1.0000004, 0.9999998, 1.0000004)
bones/3/name = "Upperarm.Left"
bones/3/parent = 2
bones/3/rest = Transform3D(0.157358, -0.40136, 0.902302, -0.753525, 0.541772, 0.372402, -0.638309, -0.738507, -0.217183, 7.45058e-09, 0.209044, -9.0804e-08)
bones/3/enabled = true
bones/3/position = Vector3(7.45058e-09, 0.209044, -9.0804e-08)
bones/3/rotation = Quaternion(-0.45628083, 0.6327711, -0.14464381, 0.60867625)
bones/3/scale = Vector3(0.99999994, 0.99999964, 1.0000004)
bones/4/name = "Forearm.Left"
bones/4/parent = 3
bones/4/rest = Transform3D(0.985819, 0.0554733, 0.158379, -0.0108986, 0.962954, -0.269444, -0.167458, 0.263897, 0.949903, -2.42144e-08, 0.32045, -7.45058e-09)
bones/4/enabled = true
bones/4/position = Vector3(-2.42144e-08, 0.32045, -7.45058e-09)
bones/4/rotation = Quaternion(0.13505685, 0.08251081, -0.016807184, 0.98725337)
bones/4/scale = Vector3(1, 0.99999964, 0.9999998)
bones/5/name = "Hand.Left"
bones/5/parent = 4
bones/5/rest = Transform3D(0.989247, 0.145416, 0.0156278, -0.145604, 0.989274, 0.0116735, -0.0137626, -0.0138234, 0.99981, 1.67638e-08, 0.278782, -5.21541e-08)
bones/5/enabled = true
bones/5/position = Vector3(1.67638e-08, 0.278782, -5.21541e-08)
bones/5/rotation = Quaternion(-0.0063915495, 0.0073675653, -0.072952785, 0.9972877)
bones/5/scale = Vector3(0.9999998, 1, 1.0000002)
bones/6/name = "Head"
bones/6/parent = 1
bones/6/rest = Transform3D(1, 0.000379628, 1.52164e-07, -0.000379628, 1, 1.77263e-06, -1.51492e-07, -1.77269e-06, 1, 6.39891e-12, 0.40198, -2.64492e-10)
bones/6/enabled = true
bones/6/position = Vector3(6.39891e-12, 0.40198, -2.64492e-10)
bones/6/rotation = Quaternion(-8.8633055e-07, 7.591424e-08, -0.000189814, 1)
bones/6/scale = Vector3(1, 1, 1)
bones/7/name = "Shoulder.Right"
bones/7/parent = 1
bones/7/rest = Transform3D(-0.140538, 0.934081, -0.32824, -0.367644, -0.357061, -0.858688, -0.919286, -2.50183e-06, 0.39359, 6.29061e-12, 0.40198, -2.64492e-10)
bones/7/enabled = true
bones/7/position = Vector3(6.29061e-12, 0.40198, -2.64492e-10)
bones/7/rotation = Quaternion(-0.45357826, -0.31220463, 0.6876026, -0.47328398)
bones/7/scale = Vector3(0.9999999, 0.99999994, 0.9999998)
bones/8/name = "Upperarm.Right"
bones/8/parent = 7
bones/8/rest = Transform3D(-0.534047, 0.212412, 0.818337, 0.761314, 0.541772, 0.356209, -0.367689, 0.813243, -0.451044, -5.7742e-08, 0.209044, 3.25963e-08)
bones/8/enabled = true
bones/8/position = Vector3(-5.7742e-08, 0.209044, 3.25963e-08)
bones/8/rotation = Quaternion(0.30627808, 0.79480547, 0.36784205, 0.37305537)
bones/8/scale = Vector3(1.0000001, 0.99999994, 1.0000005)
bones/9/name = "Forearm.Right"
bones/9/parent = 8
bones/9/rest = Transform3D(0.992203, -0.0498189, -0.114239, 0.0173666, 0.962954, -0.269105, 0.123413, 0.265023, 0.956312, -5.9139e-08, 0.32045, -3.72529e-09)
bones/9/enabled = true
bones/9/position = Vector3(-5.9139e-08, 0.32045, -3.72529e-09)
bones/9/rotation = Quaternion(0.13503474, -0.060081504, 0.016985413, 0.98887175)
bones/9/scale = Vector3(0.9999996, 0.99999976, 1.0000004)
bones/10/name = "Hand.Right"
bones/10/parent = 9
bones/10/rest = Transform3D(0.988632, -0.145042, -0.0396313, 0.145604, 0.989274, 0.0116743, 0.037513, -0.017312, 0.999146, -6.79865e-08, 0.278782, -2.6077e-08)
bones/10/enabled = true
bones/10/position = Vector3(-6.79865e-08, 0.278782, -2.6077e-08)
bones/10/rotation = Quaternion(-0.007267432, -0.019341636, 0.07287073, 0.99712735)
bones/10/scale = Vector3(1.0000005, 0.99999994, 0.9999998)
bones/11/name = "Hip.Left"
bones/11/parent = 0
bones/11/rest = Transform3D(-0.815163, 0.41082, -0.408334, -0.367448, -0.911716, -0.183725, -0.447762, 0.000275631, 0.894152, -1.72804e-11, 0.26802, 3.30729e-10)
bones/11/enabled = true
bones/11/position = Vector3(-1.72804e-11, 0.26802, 3.30729e-10)
bones/11/rotation = Quaternion(-0.22494482, -0.048202615, 0.9514505, -0.2044951)
bones/11/scale = Vector3(0.9999998, 0.9999996, 0.99999964)
bones/12/name = "Thigh.Left"
bones/12/parent = 11
bones/12/rest = Transform3D(0.779864, 0.247668, -0.574868, -0.361111, 0.92817, -0.0900017, 0.511284, 0.27778, 0.813282, -4.65661e-08, 0.28667, -1.30385e-08)
bones/12/enabled = true
bones/12/position = Vector3(-4.65661e-08, 0.28667, -1.30385e-08)
bones/12/rotation = Quaternion(0.09799596, -0.2894063, -0.16220993, 0.93825835)
bones/12/scale = Vector3(1.0000001, 1.0000004, 1.0000006)
bones/13/name = "Shin.Left"
bones/13/parent = 12
bones/13/rest = Transform3D(0.980668, -0.0169239, 0.194945, -0.0296668, 0.971878, 0.233611, -0.193416, -0.234878, 0.952587, -9.31323e-10, 0.380052, -8.3819e-09)
bones/13/enabled = true
bones/13/position = Vector3(-9.31323e-10, 0.380052, -8.3819e-09)
bones/13/rotation = Quaternion(-0.11853621, 0.09826242, -0.0032242108, 0.9880705)
bones/13/scale = Vector3(0.99999976, 1.0000005, 0.9999998)
bones/14/name = "Foot.Left"
bones/14/parent = 13
bones/14/rest = Transform3D(0.995424, -0.080547, -0.0514043, -0.0475348, 0.0492446, -0.997655, 0.0828895, 0.995533, 0.0451905, -1.39698e-09, 0.527233, -4.70027e-09)
bones/14/enabled = true
bones/14/position = Vector3(-1.39698e-09, 0.527233, -4.70027e-09)
bones/14/rotation = Quaternion(0.68938184, -0.04644808, 0.011417893, 0.7228173)
bones/14/scale = Vector3(0.9999995, 0.9999994, 1)
bones/15/name = "Hip.Right"
bones/15/parent = 0
bones/15/rest = Transform3D(-0.78936, -0.411859, 0.455283, 0.356617, -0.911247, -0.20604, 0.499735, -0.00027796, 0.866178, 0.000305206, 0.26802, 2.05851e-07)
bones/15/enabled = true
bones/15/position = Vector3(0.000305206, 0.26802, 2.05851e-07)
bones/15/rotation = Quaternion(0.25283843, -0.05462207, 0.9442968, 0.20345199)
bones/15/scale = Vector3(0.99999994, 0.9999995, 0.9999997)
bones/16/name = "Thigh.Right"
bones/16/parent = 15
bones/16/rest = Transform3D(0.81998, -0.230491, 0.523933, 0.346943, 0.928169, -0.134657, -0.455261, 0.292191, 0.841048, 2.70084e-08, 0.286671, -1.67638e-08)
bones/16/enabled = true
bones/16/position = Vector3(2.70084e-08, 0.286671, -1.67638e-08)
bones/16/rotation = Quaternion(0.112653635, 0.2584284, 0.15239622, 0.9472589)
bones/16/scale = Vector3(0.9999996, 0.9999997, 1)
bones/17/name = "Shin.Right"
bones/17/parent = 16
bones/17/rest = Transform3D(0.997068, -0.0127158, -0.0754547, 0.0300692, 0.971879, 0.233555, 0.0703629, -0.235139, 0.969411, -3.72529e-09, 0.380052, 2.56114e-09)
bones/17/enabled = true
bones/17/position = Vector3(-3.72529e-09, 0.380052, 2.56114e-09)
bones/17/rotation = Quaternion(-0.118086845, -0.036738575, 0.010779643, 0.99226487)
bones/17/scale = Vector3(0.9999998, 1.0000004, 0.9999995)
bones/18/name = "Foot.Right"
bones/18/parent = 17
bones/18/rest = Transform3D(0.994746, 0.0815001, 0.0619468, 0.0580626, 0.0491976, -0.9971, -0.0843114, 0.995458, 0.044207, -2.35159e-08, 0.527233, -8.64384e-09)
bones/18/enabled = true
bones/18/position = Vector3(-2.35159e-08, 0.527233, -8.64384e-09)
bones/18/rotation = Quaternion(0.6894458, 0.050606877, -0.008109624, 0.7225218)
bones/18/scale = Vector3(0.99999964, 0.99999964, 1)

[node name="PhysicsSkeleton" type="Skeleton3D" parent="BoneHandler"]
transform = Transform3D(1, 0, 0, 0, 1, 0, 0, 0, 1, 0, 1.008, 0)
bones/0/name = "Hip"
bones/0/parent = -1
bones/0/rest = Transform3D(1, -0.000569372, 0.000673382, 0.000569372, 1, 6.97321e-07, -0.000673382, -3.13917e-07, 1, 0, -0.06, -0.07)
bones/0/enabled = true
bones/0/position = Vector3(0, -0.06, -0.07)
bones/0/rotation = Quaternion(-2.528096e-07, 0.00033669083, 0.00028468602, 0.9999999)
bones/0/scale = Vector3(1.0000004, 1.0000001, 1.0000002)
bones/1/name = "Back"
bones/1/parent = 0
bones/1/rest = Transform3D(-0.999999, 0.000948999, 0.000673684, 0.000949, 1, 6.65789e-07, -0.000673683, 1.30511e-06, -1, -1.72804e-11, 0.26802, 3.30729e-10)
bones/1/enabled = true
bones/1/position = Vector3(-1.72804e-11, 0.26802, 3.30729e-10)
bones/1/rotation = Quaternion(0.00047450012, 0.9999998, 4.927237e-07, 0.00033684194)
bones/1/scale = Vector3(0.99999964, 1.0000005, 1.0000002)
bones/2/name = "Shoulder.Left"
bones/2/parent = 1
bones/2/rest = Transform3D(-0.121783, -0.934352, -0.334895, 0.319307, -0.356351, 0.878099, -0.939794, 3.21865e-06, 0.341743, 6.39891e-12, 0.40198, -2.64492e-10)
bones/2/enabled = true
bones/2/position = Vector3(6.39891e-12, 0.40198, -2.64492e-10)
bones/2/rotation = Quaternion(-0.47244725, 0.3254572, 0.674514, 0.46465275)
bones/2/scale = Vector3(1.0000004, 0.9999998, 1.0000004)
bones/3/name = "Upperarm.Left"
bones/3/parent = 2
bones/3/rest = Transform3D(0.157358, -0.40136, 0.902302, -0.753525, 0.541772, 0.372402, -0.638309, -0.738507, -0.217183, 7.45058e-09, 0.209044, -9.0804e-08)
bones/3/enabled = true
bones/3/position = Vector3(7.45058e-09, 0.209044, -9.0804e-08)
bones/3/rotation = Quaternion(-0.45628083, 0.6327711, -0.14464381, 0.60867625)
bones/3/scale = Vector3(0.99999994, 0.99999964, 1.0000004)
bones/4/name = "Forearm.Left"
bones/4/parent = 3
bones/4/rest = Transform3D(0.985819, 0.0554733, 0.158379, -0.0108986, 0.962954, -0.269444, -0.167458, 0.263897, 0.949903, -2.42144e-08, 0.32045, -7.45058e-09)
bones/4/enabled = true
bones/4/position = Vector3(-2.42144e-08, 0.32045, -7.45058e-09)
bones/4/rotation = Quaternion(0.13505685, 0.08251081, -0.016807184, 0.98725337)
bones/4/scale = Vector3(1, 0.99999964, 0.9999998)
bones/5/name = "Hand.Left"
bones/5/parent = 4
bones/5/rest = Transform3D(0.989247, 0.145416, 0.0156278, -0.145604, 0.989274, 0.0116735, -0.0137626, -0.0138234, 0.99981, 1.67638e-08, 0.278782, -5.21541e-08)
bones/5/enabled = true
bones/5/position = Vector3(1.67638e-08, 0.278782, -5.21541e-08)
bones/5/rotation = Quaternion(-0.0063915495, 0.0073675653, -0.072952785, 0.9972877)
bones/5/scale = Vector3(0.9999998, 1, 1.0000002)
bones/6/name = "Head"
bones/6/parent = 1
bones/6/rest = Transform3D(1, 0.000379628, 1.52164e-07, -0.000379628, 1, 1.77263e-06, -1.51492e-07, -1.77269e-06, 1, 6.39891e-12, 0.40198, -2.64492e-10)
bones/6/enabled = true
bones/6/position = Vector3(6.39891e-12, 0.40198, -2.64492e-10)
bones/6/rotation = Quaternion(-8.8633055e-07, 7.591424e-08, -0.000189814, 1)
bones/6/scale = Vector3(1, 1, 1)
bones/7/name = "Shoulder.Right"
bones/7/parent = 1
bones/7/rest = Transform3D(-0.140538, 0.934081, -0.32824, -0.367644, -0.357061, -0.858688, -0.919286, -2.50183e-06, 0.39359, 6.29061e-12, 0.40198, -2.64492e-10)
bones/7/enabled = true
bones/7/position = Vector3(6.29061e-12, 0.40198, -2.64492e-10)
bones/7/rotation = Quaternion(-0.45357826, -0.31220463, 0.6876026, -0.47328398)
bones/7/scale = Vector3(0.9999999, 0.99999994, 0.9999998)
bones/8/name = "Upperarm.Right"
bones/8/parent = 7
bones/8/rest = Transform3D(-0.534047, 0.212412, 0.818337, 0.761314, 0.541772, 0.356209, -0.367689, 0.813243, -0.451044, -5.7742e-08, 0.209044, 3.25963e-08)
bones/8/enabled = true
bones/8/position = Vector3(-5.7742e-08, 0.209044, 3.25963e-08)
bones/8/rotation = Quaternion(0.30627808, 0.79480547, 0.36784205, 0.37305537)
bones/8/scale = Vector3(1.0000001, 0.99999994, 1.0000005)
bones/9/name = "Forearm.Right"
bones/9/parent = 8
bones/9/rest = Transform3D(0.992203, -0.0498189, -0.114239, 0.0173666, 0.962954, -0.269105, 0.123413, 0.265023, 0.956312, -5.9139e-08, 0.32045, -3.72529e-09)
bones/9/enabled = true
bones/9/position = Vector3(-5.9139e-08, 0.32045, -3.72529e-09)
bones/9/rotation = Quaternion(0.13503474, -0.060081504, 0.016985413, 0.98887175)
bones/9/scale = Vector3(0.9999996, 0.99999976, 1.0000004)
bones/10/name = "Hand.Right"
bones/10/parent = 9
bones/10/rest = Transform3D(0.988632, -0.145042, -0.0396313, 0.145604, 0.989274, 0.0116743, 0.037513, -0.017312, 0.999146, -6.79865e-08, 0.278782, -2.6077e-08)
bones/10/enabled = true
bones/10/position = Vector3(-6.79865e-08, 0.278782, -2.6077e-08)
bones/10/rotation = Quaternion(-0.007267432, -0.019341636, 0.07287073, 0.99712735)
bones/10/scale = Vector3(1.0000005, 0.99999994, 0.9999998)
bones/11/name = "Hip.Left"
bones/11/parent = 0
bones/11/rest = Transform3D(-0.815163, 0.41082, -0.408334, -0.367448, -0.911716, -0.183725, -0.447762, 0.000275631, 0.894152, -1.72804e-11, 0.26802, 3.30729e-10)
bones/11/enabled = true
bones/11/position = Vector3(-1.72804e-11, 0.26802, 3.30729e-10)
bones/11/rotation = Quaternion(-0.22494482, -0.048202615, 0.9514505, -0.2044951)
bones/11/scale = Vector3(0.9999998, 0.9999996, 0.99999964)
bones/12/name = "Thigh.Left"
bones/12/parent = 11
bones/12/rest = Transform3D(0.779864, 0.247668, -0.574868, -0.361111, 0.92817, -0.0900017, 0.511284, 0.27778, 0.813282, -4.65661e-08, 0.28667, -1.30385e-08)
bones/12/enabled = true
bones/12/position = Vector3(-4.65661e-08, 0.28667, -1.30385e-08)
bones/12/rotation = Quaternion(0.09799596, -0.2894063, -0.16220993, 0.93825835)
bones/12/scale = Vector3(1.0000001, 1.0000004, 1.0000006)
bones/13/name = "Shin.Left"
bones/13/parent = 12
bones/13/rest = Transform3D(0.980668, -0.0169239, 0.194945, -0.0296668, 0.971878, 0.233611, -0.193416, -0.234878, 0.952587, -9.31323e-10, 0.380052, -8.3819e-09)
bones/13/enabled = true
bones/13/position = Vector3(-9.31323e-10, 0.380052, -8.3819e-09)
bones/13/rotation = Quaternion(-0.11853621, 0.09826242, -0.0032242108, 0.9880705)
bones/13/scale = Vector3(0.99999976, 1.0000005, 0.9999998)
bones/14/name = "Foot.Left"
bones/14/parent = 13
bones/14/rest = Transform3D(0.995424, -0.080547, -0.0514043, -0.0475348, 0.0492446, -0.997655, 0.0828895, 0.995533, 0.0451905, -1.39698e-09, 0.527233, -4.70027e-09)
bones/14/enabled = true
bones/14/position = Vector3(-1.39698e-09, 0.527233, -4.70027e-09)
bones/14/rotation = Quaternion(0.68938184, -0.04644808, 0.011417893, 0.7228173)
bones/14/scale = Vector3(0.9999995, 0.9999994, 1)
bones/15/name = "Hip.Right"
bones/15/parent = 0
bones/15/rest = Transform3D(-0.78936, -0.411859, 0.455283, 0.356617, -0.911247, -0.20604, 0.499735, -0.00027796, 0.866178, 0.000305206, 0.26802, 2.05851e-07)
bones/15/enabled = true
bones/15/position = Vector3(0.000305206, 0.26802, 2.05851e-07)
bones/15/rotation = Quaternion(0.25283843, -0.05462207, 0.9442968, 0.20345199)
bones/15/scale = Vector3(0.99999994, 0.9999995, 0.9999997)
bones/16/name = "Thigh.Right"
bones/16/parent = 15
bones/16/rest = Transform3D(0.81998, -0.230491, 0.523933, 0.346943, 0.928169, -0.134657, -0.455261, 0.292191, 0.841048, 2.70084e-08, 0.286671, -1.67638e-08)
bones/16/enabled = true
bones/16/position = Vector3(2.70084e-08, 0.286671, -1.67638e-08)
bones/16/rotation = Quaternion(0.112653635, 0.2584284, 0.15239622, 0.9472589)
bones/16/scale = Vector3(0.9999996, 0.9999997, 1)
bones/17/name = "Shin.Right"
bones/17/parent = 16
bones/17/rest = Transform3D(0.997068, -0.0127158, -0.0754547, 0.0300692, 0.971879, 0.233555, 0.0703629, -0.235139, 0.969411, -3.72529e-09, 0.380052, 2.56114e-09)
bones/17/enabled = true
bones/17/position = Vector3(-3.72529e-09, 0.380052, 2.56114e-09)
bones/17/rotation = Quaternion(-0.118086845, -0.036738575, 0.010779643, 0.99226487)
bones/17/scale = Vector3(0.9999998, 1.0000004, 0.9999995)
bones/18/name = "Foot.Right"
bones/18/parent = 17
bones/18/rest = Transform3D(0.994746, 0.0815001, 0.0619468, 0.0580626, 0.0491976, -0.9971, -0.0843114, 0.995458, 0.044207, -2.35159e-08, 0.527233, -8.64384e-09)
bones/18/enabled = true
bones/18/position = Vector3(-2.35159e-08, 0.527233, -8.64384e-09)
bones/18/rotation = Quaternion(0.6894458, 0.050606877, -0.008109624, 0.7225218)
bones/18/scale = Vector3(0.99999964, 0.99999964, 1)

[node name="PhysicalBoneSimulator3D" type="PhysicalBoneSimulator3D" parent="BoneHandler/PhysicsSkeleton"]
script = ExtResource("2_mj76w")

[node name="Physical Bone Hip" type="PhysicalBone3D" parent="BoneHandler/PhysicsSkeleton/PhysicalBoneSimulator3D"]
transform = Transform3D(0.99999964, 0.0006864451, 0.0005401174, 0.00054011703, 7.2897376e-07, -0.9999999, -0.0006864454, 0.9999998, 3.582128e-07, -3.990155e-05, -0.008000016, -0.0703125)
visible = false
collision_layer = 0
collision_mask = 4
joint_offset = Transform3D(1, 0, 0, 0, 1, 0, 0, 0, 1, 1.1600955e-05, 0.00031249115, 0.051999994)
body_offset = Transform3D(0.99999964, 1.3063429e-05, -2.9254888e-05, -2.9254898e-05, 2.4214131e-08, -0.9999998, -1.3063545e-05, 0.9999998, 2.4596318e-08, -1.0083779e-05, 0.051999986, -0.00031249225)
bone_name = "Hip"

[node name="CollisionShape3D" type="CollisionShape3D" parent="BoneHandler/PhysicsSkeleton/PhysicalBoneSimulator3D/Physical Bone Hip"]
transform = Transform3D(0.9999015, 2.4219295e-08, 1.1792872e-07, -8.7718945e-08, -4.3650232e-08, 0.9999015, 8.114793e-09, -0.9999015, -4.3713328e-08, -8.135702e-05, 0.015100762, 0.025809646)
visible = false
shape = SubResource("SphereShape3D_q5pih")

[node name="Physical Bone Back" type="PhysicalBone3D" parent="BoneHandler/PhysicsSkeleton/PhysicalBoneSimulator3D"]
transform = Transform3D(-1, 3.0215244e-07, -0.00037962812, 0.00037962812, 3.5268164e-07, -1, -3.0201858e-07, -1, -3.5279635e-07, -0.00012764086, 0.40901017, -0.07031251)
visible = false
collision_layer = 0
collision_mask = 4
joint_type = 5
joint_offset = Transform3D(1, 0, 0, 0, 1, 0, 0, 0, 1, -5.1339295e-05, -0.0003124925, 0.20099017)
body_offset = Transform3D(1.0000001, 6.184564e-11, -4.3648174e-10, -2.9179395e-11, 6.421885e-10, -0.9999995, -2.1032065e-11, 0.9999995, 6.4221695e-10, 5.133939e-05, 0.20099008, 0.00031249225)
bone_name = "Back"
joint_constraints/x/linear_limit_enabled = true
joint_constraints/x/linear_limit_upper = 0.0
joint_constraints/x/linear_limit_lower = 0.0
joint_constraints/x/linear_limit_softness = 0.7
joint_constraints/x/linear_spring_enabled = false
joint_constraints/x/linear_spring_stiffness = 0.0
joint_constraints/x/linear_spring_damping = 0.0
joint_constraints/x/linear_equilibrium_point = 0.0
joint_constraints/x/linear_restitution = 0.5
joint_constraints/x/linear_damping = 1.0
joint_constraints/x/angular_limit_enabled = true
joint_constraints/x/angular_limit_upper = 0.0
joint_constraints/x/angular_limit_lower = 0.0
joint_constraints/x/angular_limit_softness = 0.5
joint_constraints/x/angular_restitution = 0.0
joint_constraints/x/angular_damping = 1.0
joint_constraints/x/erp = 0.5
joint_constraints/x/angular_spring_enabled = false
joint_constraints/x/angular_spring_stiffness = 0.0
joint_constraints/x/angular_spring_damping = 0.0
joint_constraints/x/angular_equilibrium_point = 0.0
joint_constraints/y/linear_limit_enabled = true
joint_constraints/y/linear_limit_upper = 0.0
joint_constraints/y/linear_limit_lower = 0.0
joint_constraints/y/linear_limit_softness = 0.7
joint_constraints/y/linear_spring_enabled = false
joint_constraints/y/linear_spring_stiffness = 0.0
joint_constraints/y/linear_spring_damping = 0.0
joint_constraints/y/linear_equilibrium_point = 0.0
joint_constraints/y/linear_restitution = 0.5
joint_constraints/y/linear_damping = 1.0
joint_constraints/y/angular_limit_enabled = true
joint_constraints/y/angular_limit_upper = 0.0
joint_constraints/y/angular_limit_lower = 0.0
joint_constraints/y/angular_limit_softness = 0.5
joint_constraints/y/angular_restitution = 0.0
joint_constraints/y/angular_damping = 1.0
joint_constraints/y/erp = 0.5
joint_constraints/y/angular_spring_enabled = false
joint_constraints/y/angular_spring_stiffness = 0.0
joint_constraints/y/angular_spring_damping = 0.0
joint_constraints/y/angular_equilibrium_point = 0.0
joint_constraints/z/linear_limit_enabled = true
joint_constraints/z/linear_limit_upper = 0.0
joint_constraints/z/linear_limit_lower = 0.0
joint_constraints/z/linear_limit_softness = 0.7
joint_constraints/z/linear_spring_enabled = false
joint_constraints/z/linear_spring_stiffness = 0.0
joint_constraints/z/linear_spring_damping = 0.0
joint_constraints/z/linear_equilibrium_point = 0.0
joint_constraints/z/linear_restitution = 0.5
joint_constraints/z/linear_damping = 1.0
joint_constraints/z/angular_limit_enabled = true
joint_constraints/z/angular_limit_upper = 0.0
joint_constraints/z/angular_limit_lower = 0.0
joint_constraints/z/angular_limit_softness = 0.5
joint_constraints/z/angular_restitution = 0.0
joint_constraints/z/angular_damping = 1.0
joint_constraints/z/erp = 0.5
joint_constraints/z/angular_spring_enabled = false
joint_constraints/z/angular_spring_stiffness = 0.0
joint_constraints/z/angular_spring_damping = 0.0
joint_constraints/z/angular_equilibrium_point = 0.0

[node name="CollisionShape3D" type="CollisionShape3D" parent="BoneHandler/PhysicsSkeleton/PhysicalBoneSimulator3D/Physical Bone Back"]
transform = Transform3D(1, -7.566321e-14, 0, 0, 4.0841996e-11, 1, 7.567197e-14, -1, 0, -0.0018463318, 0.008232199, 0.050034046)
shape = SubResource("BoxShape3D_lyhnx")

[node name="Physical Bone Shoulder_Left" type="PhysicalBone3D" parent="BoneHandler/PhysicsSkeleton/PhysicalBoneSimulator3D"]
transform = Transform3D(0.12190346, 0.33522776, -0.93421733, 0.31926, 0.87797207, 0.3567045, 0.93979394, -0.3417417, 3.0163972e-06, 0.09764826, 0.57270324, -0.07000203)
visible = false
collision_layer = 0
collision_mask = 4
joint_type = 2
joint_offset = Transform3D(1, 0, 0, 0, 1, 0, 0, 0, 1, 5.70311e-06, 1.0516155e-05, 0.10452866)
body_offset = Transform3D(0.99999917, 3.874302e-07, -3.8906387e-07, -1.8744072e-07, -9.586697e-07, -1.0000004, -3.874302e-07, 0.99999917, -1.3865654e-06, -5.6624413e-06, 0.104528695, -1.0371208e-05)
bone_name = "Shoulder.Left"
joint_constraints/swing_span = 45.0
joint_constraints/twist_span = 180.0
joint_constraints/bias = 0.3
joint_constraints/softness = 0.8
joint_constraints/relaxation = 1.0

[node name="CollisionShape3D" type="CollisionShape3D" parent="BoneHandler/PhysicsSkeleton/PhysicalBoneSimulator3D/Physical Bone Shoulder_Left"]
transform = Transform3D(0.9999964, -4.8807465e-06, 2.9802322e-08, -3.5762787e-07, 1.7802322e-06, 0.9999997, 1.4595914e-06, -1, 4.902836e-08, -1.1920929e-07, -1.1920929e-07, -0.0022201538)
shape = SubResource("CapsuleShape3D_1bfp3")

[node name="Physical Bone Upperarm_Left" type="PhysicalBone3D" parent="BoneHandler/PhysicsSkeleton/PhysicalBoneSimulator3D"]
transform = Transform3D(-0.89875257, 0.38509253, -0.2096369, -0.2413924, -0.035446957, 0.96977997, 0.36602402, 0.922197, 0.124816455, 0.22888075, 0.38005292, -0.08999929)
visible = false
collision_layer = 0
collision_mask = 4
joint_type = 5
joint_offset = Transform3D(1, 0, 0, 0, 1, 0, 0, 0, 1, 1.334521e-07, 4.236565e-07, 0.16022201)
body_offset = Transform3D(1, -1.3113022e-06, 2.8312206e-07, -4.1350722e-07, -1.7881393e-06, -0.9999996, 5.066395e-07, 0.9999989, -2.0861626e-06, -1.7881393e-07, 0.16022193, -8.940697e-08)
bone_name = "Upperarm.Left"
joint_constraints/x/linear_limit_enabled = true
joint_constraints/x/linear_limit_upper = 0.0
joint_constraints/x/linear_limit_lower = 0.0
joint_constraints/x/linear_limit_softness = 0.7
joint_constraints/x/linear_spring_enabled = false
joint_constraints/x/linear_spring_stiffness = 0.0
joint_constraints/x/linear_spring_damping = 0.0
joint_constraints/x/linear_equilibrium_point = 0.0
joint_constraints/x/linear_restitution = 0.5
joint_constraints/x/linear_damping = 1.0
joint_constraints/x/angular_limit_enabled = true
joint_constraints/x/angular_limit_upper = 0.0
joint_constraints/x/angular_limit_lower = 0.0
joint_constraints/x/angular_limit_softness = 0.5
joint_constraints/x/angular_restitution = 0.0
joint_constraints/x/angular_damping = 1.0
joint_constraints/x/erp = 0.5
joint_constraints/x/angular_spring_enabled = false
joint_constraints/x/angular_spring_stiffness = 0.0
joint_constraints/x/angular_spring_damping = 0.0
joint_constraints/x/angular_equilibrium_point = 0.0
joint_constraints/y/linear_limit_enabled = true
joint_constraints/y/linear_limit_upper = 0.0
joint_constraints/y/linear_limit_lower = 0.0
joint_constraints/y/linear_limit_softness = 0.7
joint_constraints/y/linear_spring_enabled = false
joint_constraints/y/linear_spring_stiffness = 0.0
joint_constraints/y/linear_spring_damping = 0.0
joint_constraints/y/linear_equilibrium_point = 0.0
joint_constraints/y/linear_restitution = 0.5
joint_constraints/y/linear_damping = 1.0
joint_constraints/y/angular_limit_enabled = true
joint_constraints/y/angular_limit_upper = 0.0
joint_constraints/y/angular_limit_lower = 0.0
joint_constraints/y/angular_limit_softness = 0.5
joint_constraints/y/angular_restitution = 0.0
joint_constraints/y/angular_damping = 1.0
joint_constraints/y/erp = 0.5
joint_constraints/y/angular_spring_enabled = false
joint_constraints/y/angular_spring_stiffness = 0.0
joint_constraints/y/angular_spring_damping = 0.0
joint_constraints/y/angular_equilibrium_point = 0.0
joint_constraints/z/linear_limit_enabled = true
joint_constraints/z/linear_limit_upper = 0.0
joint_constraints/z/linear_limit_lower = 0.0
joint_constraints/z/linear_limit_softness = 0.7
joint_constraints/z/linear_spring_enabled = false
joint_constraints/z/linear_spring_stiffness = 0.0
joint_constraints/z/linear_spring_damping = 0.0
joint_constraints/z/linear_equilibrium_point = 0.0
joint_constraints/z/linear_restitution = 0.5
joint_constraints/z/linear_damping = 1.0
joint_constraints/z/angular_limit_enabled = true
joint_constraints/z/angular_limit_upper = 0.0
joint_constraints/z/angular_limit_lower = 0.0
joint_constraints/z/angular_limit_softness = 0.5
joint_constraints/z/angular_restitution = 0.0
joint_constraints/z/angular_damping = 1.0
joint_constraints/z/erp = 0.5
joint_constraints/z/angular_spring_enabled = false
joint_constraints/z/angular_spring_stiffness = 0.0
joint_constraints/z/angular_spring_damping = 0.0
joint_constraints/z/angular_equilibrium_point = 0.0

[node name="CollisionShape3D" type="CollisionShape3D" parent="BoneHandler/PhysicsSkeleton/PhysicalBoneSimulator3D/Physical Bone Upperarm_Left"]
transform = Transform3D(1.0000112, -7.4878335e-07, 1.1324883e-06, 1.0430813e-06, -6.7055225e-07, 1.0000113, 2.7418137e-06, -1.0000082, -1.1697412e-06, 0, 0, 0)
shape = SubResource("CapsuleShape3D_vrup1")

[node name="Physical Bone Forearm_Left" type="PhysicalBone3D" parent="BoneHandler/PhysicsSkeleton/PhysicalBoneSimulator3D"]
transform = Transform3D(-0.95277876, 0.16697174, -0.25363964, -0.22146526, 0.18939738, 0.95659906, 0.20776367, 0.96759963, -0.14347537, 0.29777825, 0.0913254, -0.08999888)
visible = false
collision_layer = 0
collision_mask = 4
joint_type = 5
joint_offset = Transform3D(1, 0, 0, 0, 1, 0, 0, 0, 1, -4.4917513e-05, 7.3645956e-06, 0.1393792)
body_offset = Transform3D(0.99999994, 1.3411045e-07, 1.963228e-06, 1.1138618e-06, -5.066395e-07, -0.99999994, -3.1292439e-07, 0.9999989, -2.3841858e-07, 4.464388e-05, 0.1393792, -7.3313713e-06)
bone_name = "Forearm.Left"
joint_constraints/x/linear_limit_enabled = true
joint_constraints/x/linear_limit_upper = 0.0
joint_constraints/x/linear_limit_lower = 0.0
joint_constraints/x/linear_limit_softness = 0.7
joint_constraints/x/linear_spring_enabled = false
joint_constraints/x/linear_spring_stiffness = 0.0
joint_constraints/x/linear_spring_damping = 0.0
joint_constraints/x/linear_equilibrium_point = 0.0
joint_constraints/x/linear_restitution = 0.5
joint_constraints/x/linear_damping = 1.0
joint_constraints/x/angular_limit_enabled = true
joint_constraints/x/angular_limit_upper = 0.0
joint_constraints/x/angular_limit_lower = 0.0
joint_constraints/x/angular_limit_softness = 0.5
joint_constraints/x/angular_restitution = 0.0
joint_constraints/x/angular_damping = 1.0
joint_constraints/x/erp = 0.5
joint_constraints/x/angular_spring_enabled = false
joint_constraints/x/angular_spring_stiffness = 0.0
joint_constraints/x/angular_spring_damping = 0.0
joint_constraints/x/angular_equilibrium_point = 0.0
joint_constraints/y/linear_limit_enabled = true
joint_constraints/y/linear_limit_upper = 0.0
joint_constraints/y/linear_limit_lower = 0.0
joint_constraints/y/linear_limit_softness = 0.7
joint_constraints/y/linear_spring_enabled = false
joint_constraints/y/linear_spring_stiffness = 0.0
joint_constraints/y/linear_spring_damping = 0.0
joint_constraints/y/linear_equilibrium_point = 0.0
joint_constraints/y/linear_restitution = 0.5
joint_constraints/y/linear_damping = 1.0
joint_constraints/y/angular_limit_enabled = true
joint_constraints/y/angular_limit_upper = 0.0
joint_constraints/y/angular_limit_lower = 0.0
joint_constraints/y/angular_limit_softness = 0.5
joint_constraints/y/angular_restitution = 0.0
joint_constraints/y/angular_damping = 1.0
joint_constraints/y/erp = 0.5
joint_constraints/y/angular_spring_enabled = false
joint_constraints/y/angular_spring_stiffness = 0.0
joint_constraints/y/angular_spring_damping = 0.0
joint_constraints/y/angular_equilibrium_point = 0.0
joint_constraints/z/linear_limit_enabled = true
joint_constraints/z/linear_limit_upper = 0.0
joint_constraints/z/linear_limit_lower = 0.0
joint_constraints/z/linear_limit_softness = 0.7
joint_constraints/z/linear_spring_enabled = false
joint_constraints/z/linear_spring_stiffness = 0.0
joint_constraints/z/linear_spring_damping = 0.0
joint_constraints/z/linear_equilibrium_point = 0.0
joint_constraints/z/linear_restitution = 0.5
joint_constraints/z/linear_damping = 1.0
joint_constraints/z/angular_limit_enabled = true
joint_constraints/z/angular_limit_upper = 0.0
joint_constraints/z/angular_limit_lower = 0.0
joint_constraints/z/angular_limit_softness = 0.5
joint_constraints/z/angular_restitution = 0.0
joint_constraints/z/angular_damping = 1.0
joint_constraints/z/erp = 0.5
joint_constraints/z/angular_spring_enabled = false
joint_constraints/z/angular_spring_stiffness = 0.0
joint_constraints/z/angular_spring_damping = 0.0
joint_constraints/z/angular_equilibrium_point = 0.0

[node name="CollisionShape3D" type="CollisionShape3D" parent="BoneHandler/PhysicsSkeleton/PhysicalBoneSimulator3D/Physical Bone Forearm_Left"]
transform = Transform3D(0.9999998, 3.7252903e-09, -2.682209e-07, -2.3841858e-07, 0, 0.9999999, -1.4901161e-08, -1, -3.7252903e-07, 0, 0, 0)
shape = SubResource("CapsuleShape3D_7jmu6")

[node name="Physical Bone Shoulder_Right" type="PhysicalBone3D" parent="BoneHandler/PhysicsSkeleton/PhysicalBoneSimulator3D"]
transform = Transform3D(0.14039816, 0.32791466, 0.93421644, -0.36769816, -0.8588122, 0.35670668, 0.91928583, -0.39359063, -2.043228e-06, -0.09764591, 0.5727171, -0.06999956)
visible = false
collision_layer = 0
collision_mask = 4
joint_type = 2
joint_offset = Transform3D(1, 0, 0, 0, 1, 0, 0, 0, 1, 2.8594837e-08, 4.891013e-07, 0.10452154)
body_offset = Transform3D(0.99999964, -3.874302e-07, 2.9668536e-07, 1.3622184e-07, -5.832195e-07, -1, 2.9802322e-07, 0.99999964, -1.1733465e-07, -5.9604645e-08, 0.10452154, -4.7683716e-07)
bone_name = "Shoulder.Right"
joint_constraints/swing_span = 45.0
joint_constraints/twist_span = 180.0
joint_constraints/bias = 0.3
joint_constraints/softness = 0.8
joint_constraints/relaxation = 1.0

[node name="CollisionShape3D" type="CollisionShape3D" parent="BoneHandler/PhysicsSkeleton/PhysicalBoneSimulator3D/Physical Bone Shoulder_Right"]
transform = Transform3D(0.9999996, 1.0749359e-06, 3.7550926e-06, 1.7881393e-07, -9.1048673e-07, 0.999993, 1.0339818e-07, -0.9999993, 2.0163804e-07, 0, 0, 0)
shape = SubResource("CapsuleShape3D_u0lvu")

[node name="Physical Bone Upperarm_Right" type="PhysicalBone3D" parent="BoneHandler/PhysicsSkeleton/PhysicalBoneSimulator3D"]
transform = Transform3D(-0.906783, -0.365782, 0.20963784, 0.24058032, -0.04060246, 0.9697796, -0.3462161, 0.92981446, 0.12481757, -0.22888, 0.3800522, -0.089997314)
visible = false
collision_layer = 0
collision_mask = 4
joint_type = 5
joint_offset = Transform3D(1, 0, 0, 0, 1, 0, 0, 0, 1, 1.1759577e-06, -3.642421e-07, 0.1602221)
body_offset = Transform3D(1, -4.976988e-06, -2.503395e-06, -2.4810433e-06, 9.3877316e-07, -0.99999976, 5.3346157e-06, 0.9999993, 9.0152025e-07, -7.748604e-07, 0.16022205, 2.1979213e-07)
bone_name = "Upperarm.Right"
joint_constraints/x/linear_limit_enabled = true
joint_constraints/x/linear_limit_upper = 0.0
joint_constraints/x/linear_limit_lower = 0.0
joint_constraints/x/linear_limit_softness = 0.7
joint_constraints/x/linear_spring_enabled = false
joint_constraints/x/linear_spring_stiffness = 0.0
joint_constraints/x/linear_spring_damping = 0.0
joint_constraints/x/linear_equilibrium_point = 0.0
joint_constraints/x/linear_restitution = 0.5
joint_constraints/x/linear_damping = 1.0
joint_constraints/x/angular_limit_enabled = true
joint_constraints/x/angular_limit_upper = 0.0
joint_constraints/x/angular_limit_lower = 0.0
joint_constraints/x/angular_limit_softness = 0.5
joint_constraints/x/angular_restitution = 0.0
joint_constraints/x/angular_damping = 1.0
joint_constraints/x/erp = 0.5
joint_constraints/x/angular_spring_enabled = false
joint_constraints/x/angular_spring_stiffness = 0.0
joint_constraints/x/angular_spring_damping = 0.0
joint_constraints/x/angular_equilibrium_point = 0.0
joint_constraints/y/linear_limit_enabled = true
joint_constraints/y/linear_limit_upper = 0.0
joint_constraints/y/linear_limit_lower = 0.0
joint_constraints/y/linear_limit_softness = 0.7
joint_constraints/y/linear_spring_enabled = false
joint_constraints/y/linear_spring_stiffness = 0.0
joint_constraints/y/linear_spring_damping = 0.0
joint_constraints/y/linear_equilibrium_point = 0.0
joint_constraints/y/linear_restitution = 0.5
joint_constraints/y/linear_damping = 1.0
joint_constraints/y/angular_limit_enabled = true
joint_constraints/y/angular_limit_upper = 0.0
joint_constraints/y/angular_limit_lower = 0.0
joint_constraints/y/angular_limit_softness = 0.5
joint_constraints/y/angular_restitution = 0.0
joint_constraints/y/angular_damping = 1.0
joint_constraints/y/erp = 0.5
joint_constraints/y/angular_spring_enabled = false
joint_constraints/y/angular_spring_stiffness = 0.0
joint_constraints/y/angular_spring_damping = 0.0
joint_constraints/y/angular_equilibrium_point = 0.0
joint_constraints/z/linear_limit_enabled = true
joint_constraints/z/linear_limit_upper = 0.0
joint_constraints/z/linear_limit_lower = 0.0
joint_constraints/z/linear_limit_softness = 0.7
joint_constraints/z/linear_spring_enabled = false
joint_constraints/z/linear_spring_stiffness = 0.0
joint_constraints/z/linear_spring_damping = 0.0
joint_constraints/z/linear_equilibrium_point = 0.0
joint_constraints/z/linear_restitution = 0.5
joint_constraints/z/linear_damping = 1.0
joint_constraints/z/angular_limit_enabled = true
joint_constraints/z/angular_limit_upper = 0.0
joint_constraints/z/angular_limit_lower = 0.0
joint_constraints/z/angular_limit_softness = 0.5
joint_constraints/z/angular_restitution = 0.0
joint_constraints/z/angular_damping = 1.0
joint_constraints/z/erp = 0.5
joint_constraints/z/angular_spring_enabled = false
joint_constraints/z/angular_spring_stiffness = 0.0
joint_constraints/z/angular_spring_damping = 0.0
joint_constraints/z/angular_equilibrium_point = 0.0

[node name="CollisionShape3D" type="CollisionShape3D" parent="BoneHandler/PhysicsSkeleton/PhysicalBoneSimulator3D/Physical Bone Upperarm_Right"]
transform = Transform3D(1, 0, 0, 0, 0, 1, 0, -1, 0, 0, 0, 0)
shape = SubResource("CapsuleShape3D_5222m")

[node name="Physical Bone Forearm_Right" type="PhysicalBone3D" parent="BoneHandler/PhysicsSkeleton/PhysicalBoneSimulator3D"]
transform = Transform3D(-0.94849575, -0.18980281, 0.25363523, 0.21684833, 0.19466355, 0.95659965, -0.23093887, 0.962331, -0.14347914, -0.2978286, 0.091330886, -0.09000262)
visible = false
collision_layer = 0
collision_mask = 4
joint_type = 5
joint_offset = Transform3D(1, 0, 0, 0, 1, 0, 0, 0, 1, -6.3672296e-06, 3.4493896e-06, 0.13938564)
body_offset = Transform3D(1.0000005, 7.301569e-07, 1.6354024e-06, 1.7099082e-06, -5.811453e-07, -1, -5.5134296e-07, 0.99999905, -3.7252903e-07, 6.1392784e-06, 0.13938564, -3.3974648e-06)
